2147483647C
81514 2
1382 1
1385 1
2950240 1
1818 1
2950225 1
2950320 1
-2950225 -1
2950496 1
-2950320 -1
2950619 1
-2950496 -1
2950781 1
-2950619 -1
2950917 1
-2950781 -1
2951033 1
-2950917 -1
2923446 1
2418 1
2935195 1
-2923446 -1
4918056 1
2954202 1
10890 1
5863312 1
5862678 1
-1818 -1
5862824 1
5863710 1
5863076 1
-5862824 -1
5863076 1
-5863076 -1
5862724 1
-5863076 -1
5863492 1
5862858 1
-5862724 -1
5863492 1
-5863492 -1
6983450 1
-5863492 -1
6983870 1
-6983450 -1
6983874 1
-6983870 -1
6983901 1
-6983874 -1
6984232 1
6983598 1
-6983901 -1
6984232 1
-6984232 -1
6984382 1
6983748 1
-6984232 -1
6984382 1
-6984382 -1
6984283 1
-6984382 -1
6984453 1
1499 1
1395 1
1408 1
1408 1
2273 1
2231 1
2713 1
-2231 -1
2715 1
-2713 -1
1650 1
511821 1
79645 1
1776 1
2948202 1
-1776 -1
7490 1
8919 1
20962 1
34396 1
26437 1
18175 1
67593 1
39363 1
24119 1
19939 1
40751 1
39363 1
42148 1
41832 1
96917 1
2981 1
59033 1
30278 1
40535 1
40218 1
24796 1
41381 1
7584 1
7716 1
40778 1
11895 1
18166 1
55798 1
24225 1
33941 1
37582 1
46197 1
7962 1
8094 1
453130 1
8072 1
8204 1
56293 1
39531 1
25217 1
406690 1
40798 1
32672 1
40126 1
8072 1
8204 1
43417 1
99596 1
42106 1
8765 1
28688 1
8676 1
8484 1
59927 1
63200 1
38443 1
36176 1
43868 1
9369 1
9177 1
8792 1
8600 1
27235 1
91913 1
33965 1
39921 1
38802 1
28409 1
8910 1
8718 1
65247 1
41570 1
9030 1
8838 1
68658 1
50132 1
31421 1
30162 1
31435 1
30150 1
107026 1
83704 1
38673 1
2950923 1
44162 1
30155 1
30152 1
57440 1
