4294967296S
94946816 6356
32313 1
38397 1
1053 1
1057 1
11449 1
2950735 1
2950727 1
2950192 1
6984458 1
1053 1
1057 1
1058 1
33847 1
1132 1
1054 1
2304 1
12037 1
1052 1
1055 1
1059 1
1053 1
1053 1
1057 1
1063 1
3833 1
944 1
2475 1
2876 1
1127 1
70917 1
68495 1
68495 1
99786 1
1650 1
3541 1
1979 1
2586 1
14060 1
19628 1
1054 1
511821 1
23522 1
1065 1
1055 1
1065 1
437758 1
1059 1
151248 1
1167 1
1061 1
34848 1
13811713 1
1054 1
1137888 1
1072 1
1072 1
1058 1
79645 1
1060 1
1058 1
1061 1
1062 1
50993 1
1055 1
2948363 1
1065 1
73343 1
1168 1
1168 1
1168 1
1168 1
1168 1
1168 1
1168 1
1168 1
1168 1
1174 1
1168 1
1174 1
1172 1
1161 1
1161 1
1168 1
48872 1
1055 1
1056 1
3090 1
1059 1
2313 1
1072 1
1055 1
1049 1
1055 1
1062 1
40706 1
22010 1
13195 1
1061 1
1061 1
3065 1
2333 1
4420 1
4415 1
7621 1
27204 1
1060 1
99705 1
44451 1
1062 1
1062 1
1062 1
31695 1
1058 1
1062 1
1044 1
1044 1
29062 1
1055 1
1059 1
1058 1
498303 1
32309 1
20580 1
1168 1
1053 1
50214475 1
9584 1
7721 1
1052 1
43049 1
1168 1
1168 1
1168 1
957060 1
32266 1
299727 1
1057 1
1311328 1
1058 1
2721180 1
497969 1
790008 1
435584 1
141705 1
109559 1
128288 1
1058 1
1059 1
1184 1
2329 1
4520 1
109580 1
109471 1
11895 1
349089 1
1054 1
1063 1
1173 1
1179 1
1171 1
1173 1
1171 1
1175 1
1175 1
1172 1
1167 1
1059 1
1059 1
1054 1
1058 1
1055 1
1055 1
29027 1
1172 1
1164 1
213450 1
123190 1
1054 1
1065 1
1164 1
1058 1
1165 1
1058 1
1057 1
8099 1
8209 1
6208 1
1054 1
179972 1
1052 1
1172 1
1059 1
1064 1
1060 1
1058 1
1049 1
1049 1
76902 1
69082 1
999 1
979 1
1169 1
1061 1
1171 1
1168 1
1168 1
1057 1
1055 1
1165 1
1061 1
199083 1
1068 1
1056 1
1163 1
1063 1
1155 1
1168 1
1171 1
111429 1
1166 1
1168 1
1168 1
1052 1
9381 1
9584 1
1055 1
1052 1
8209 1
1057 1
1058 1
11164 1
12756 1
11046 1
206742 1
1059 1
1057 1
1050 1
1059 1
31792 1
1058 1
238848 1
1056 1
1057 1
1171 1
1167 1
11127 1
10669 1
1065 1
1058 1
10791 1
12287 1
166653 1
76541 1
1058 1
7507810 1
10706 1
1165 1
116494 1
1061 1
1061 1
1060 1
1049 1
1054 1
28629 1
1055 1
8489 1
48336 1
2601 1
1057 1
1061 1
1063 1
1061 1
1055 1
1063 1
12348 1
95285 1
1053 1
122983 1
1165 1
1059 1
1057 1
1066 1
1059 1
1054 1
1055 1
12542 1
1051 1
1170 1
1052 1
12925 1
1064 1
1068 1
1056 1
35713 1
76940 1
1048 1
12469 1
1057 1
1168 1
1168 1
1055 1
8219 1
1055 1
9182 1
8605 1
27235 1
1065 1
13117 1
1063 1
1055 1
1066 1
1065 1
18728 1
1166 1
1053 1
159684 1
1183 1
1167 1
4314 1
3757 1
28409 1
44837 1
7788 1
1170 1
223308 1
245979 1
140743 1
117051 1
118616 1
117051 1
148925 1
144552 1
103621 1
225435 1
135658 1
180687 1
1171 1
1168 1
1171 1
1163 1
1057 1
1057 1
1170 1
1171 1
1169 1
1160 1
1057 1
12657 1
1057 1
510264 1
35113 1
1060 1
1048 1
1054 1
1049 1
1062 1
25498 1
25500 1
-25498 -1
4641 1
1053 1
16383 1
13277 1
13258 1
8723 1
37895 1
1055 1
1164 1
7380 1
1061 1
1065 1
1052 1
1058 1
12241 1
1060 1
1184 1
1176 1
6522 1
12304 1
1059 1
12386 1
1055 1
1055 1
1064 1
109297 1
1054 1
1059 1
1061 1
1062 1
1055 1
1061 1
1057 1
1061 1
1173 1
1169 1
1057 1
1165 1
1166 1
1063 1
1022 1
1168 1
10843 1
1061 1
1062 1
8843 1
2086 1
1065 1
34270 1
43793 1
44128 1
2237 1
2234 1
2234 1
2234 1
2242 1
2240 1
1062 1
110076 1
12620 1
35480 1
5421 1
5407 1
1057 1
1052 1
1167 1
1055 1
5612 1
1059 1
1054 1
1058 1
13202 1
1164 1
1441396 1
27826 1
1060 1
1168 1
11334 1
1170 1
1059 1
1059 1
1053 1
1053 1
1053 1
13753 1
13036 1
211574 1
1174 1
1166 1
1166 1
1170 1
35567 1
108574 1
1056 1
3748 1
1066 1
1053 1
1057 1
1057 1
1055 1
1055 1
12469 1
11066 1
1051 1
2950926 1
1051 1
1064 1
1060 1
1067 1
1052 1
1055 1
1058 1
1057 1
1056 1
94321 1
33941 1
1064 1
1064 1
1061 1
13262 1
1061 1
1058 1
1058 1
12592 1
1061 1
1054 1
1056 1
1056 1
1051 1
1060 1
1060 1
1047 1
1058 1
1055 1
12637 1
1065 1
1053 1
1064 1
1052 1
12799 1
1057 1
1061 1
1051 1
1168 1
1055 1
12790 1
1508 1
1508 1
