17179869184S
653257736 2812
1182 1
1184 1
1186 1
1188 1
1184 1
1188 1
1198 1
1190 1
1182 1
1188 1
1188 1
1182 1
1182 1
1180 1
1190 1
1188 1
1182 1
1184 1
1188 1
1196 1
1192 1
1184 1
1192 1
1196 1
1198 1
1188 1
1192 1
1202 1
1190 1
1243 1
1249 1
1192 1
1188 1
1196 1
1186 1
1190 1
1194 1
1188 1
1180 1
1196 1
1190 1
1202 1
1188 1
1186 1
1198 1
1198 1
1190 1
1192 1
1186 1
1196 1
1190 1
1198 1
1188 1
1192 1
1194 1
1186 1
1192 1
1188 1
1190 1
1188 1
1194 1
1188 1
1190 1
1188 1
1196 1
1182 1
1190 1
1194 1
1178 1
1190 1
1186 1
1192 1
1180 1
1194 1
1192 1
1186 1
1194 1
1190 1
1190 1
1198 1
1190 1
1186 1
1186 1
1182 1
1188 1
1192 1
1186 1
1196 1
1194 1
1188 1
1186 1
1180 1
1184 1
1196 1
1202 1
1196 1
1186 1
1192 1
1190 1
1182 1
1196 1
1194 1
1190 1
1194 1
1186 1
1188 1
1184 1
1190 1
1196 1
1186 1
1192 1
1196 1
1194 1
1180 1
1180 1
1190 1
1194 1
1198 1
1186 1
1204 1
1188 1
1184 1
1188 1
1202 1
1182 1
1196 1
1182 1
1182 1
1202 1
1182 1
1188 1
1180 1
1184 1
1182 1
1182 1
1178 1
1190 1
1192 1
1188 1
1184 1
1184 1
1194 1
1188 1
1186 1
1190 1
1182 1
1184 1
1178 1
1192 1
1194 1
1194 1
1188 1
1186 1
1192 1
1188 1
1186 1
1188 1
1188 1
1186 1
1190 1
1190 1
1196 1
1194 1
1196 1
1198 1
1200 1
1186 1
1192 1
1188 1
1190 1
1184 1
1190 1
1182 1
1184 1
1188 1
1194 1
1190 1
1190 1
1194 1
1192 1
1194 1
1200 1
1184 1
1188 1
1182 1
1196 1
1182 1
1186 1
1186 1
1196 1
1184 1
1180 1
1192 1
1194 1
1186 1
1190 1
1184 1
1196 1
1188 1
1186 1
1194 1
1188 1
1188 1
1190 1
1198 1
1184 1
1184 1
1184 1
1188 1
1194 1
1192 1
1204 1
1192 1
1198 1
1198 1
1200 1
1202 1
1184 1
1190 1
1194 1
1190 1
1188 1
1196 1
1186 1
1186 1
1186 1
1190 1
1196 1
1190 1
1188 1
1192 1
1190 1
1198 1
1194 1
1192 1
1184 1
1192 1
1196 1
1186 1
1188 1
1184 1
1196 1
1202 1
1184 1
1198 1
1196 1
1188 1
1182 1
1192 1
1186 1
1184 1
1194 1
1188 1
1184 1
1190 1
1186 1
1186 1
1190 1
1180 1
1188 1
1194 1
1186 1
1186 1
1190 1
1194 1
1190 1
1186 1
1190 1
1192 1
1194 1
1182 1
1194 1
1204 1
1190 1
1182 1
1190 1
1194 1
1190 1
1186 1
1194 1
1194 1
1180 1
1180 1
1188 1
1192 1
1182 1
1194 1
1198 1
1202 1
1182 1
1190 1
1186 1
1186 1
1190 1
1178 1
1188 1
1190 1
1182 1
1184 1
1182 1
1180 1
1194 1
1188 1
1186 1
1186 1
1180 1
1192 1
1186 1
1194 1
1190 1
1194 1
1194 1
1176 1
1182 1
1200 1
1194 1
1196 1
1190 1
1196 1
1188 1
1190 1
1192 1
1190 1
1188 1
1180 1
1190 1
1190 1
1247 1
1194 1
1184 1
1182 1
1190 1
1192 1
1192 1
1186 1
1188 1
1182 1
1182 1
1184 1
1182 1
1184 1
1188 1
1184 1
1196 1
1182 1
1198 1
1182 1
1194 1
1194 1
1188 1
1186 1
1184 1
1196 1
1190 1
1180 1
1194 1
1190 1
1182 1
1188 1
1188 1
1184 1
1192 1
1192 1
1186 1
1188 1
1186 1
1188 1
1186 1
1200 1
1188 1
1186 1
1190 1
1194 1
1188 1
1186 1
1186 1
1188 1
1194 1
1186 1
1180 1
1190 1
1192 1
1188 1
1190 1
1190 1
1192 1
1200 1
1182 1
1190 1
1190 1
1182 1
1182 1
1186 1
1198 1
1184 1
1198 1
1190 1
1192 1
1192 1
1186 1
1184 1
1180 1
1196 1
1186 1
1190 1
1188 1
1180 1
1184 1
1194 1
1194 1
1182 1
1182 1
1192 1
1194 1
1194 1
1194 1
1184 1
1194 1
1192 1
1192 1
1184 1
1192 1
1198 1
1190 1
1184 1
1182 1
1182 1
1198 1
1188 1
1186 1
1192 1
1188 1
1190 1
1184 1
1196 1
1184 1
1200 1
1194 1
1182 1
1196 1
1182 1
1188 1
1190 1
1192 1
1206 1
1186 1
1188 1
1190 1
1182 1
1188 1
1190 1
1192 1
1188 1
1202 1
1182 1
1200 1
1184 1
1186 1
1196 1
1182 1
1200 1
1188 1
1184 1
1184 1
1188 1
1192 1
1188 1
1182 1
1194 1
1182 1
1204 1
1194 1
1192 1
1190 1
1186 1
1184 1
1194 1
1186 1
1194 1
-29700 -25
-29690 -25
-305804 -257
-305646 -257
-305678 -257
-305714 -257
-305715 -257
-305635 -257
-305744 -257
-305699 -257
-305754 -257
-305668 -257
-305628 -257
-293882 -247
1103 1
1088 1
-1088 -1
727 1
1181 1
-727 -1
14116 1
229269 1
7649 1
10362 1
-7649 -1
18053 1
218727 1
218757 1
-218727 -1
1946 1
2199 1
-1946 -1
2262 1
-2199 -1
218705 1
26726 1
30358449 1
27330 1
185188 1
162628 1
3259 1
5193 1
1400 1
2146 1
45638 1
8524 1
-8524 -1
45627 1
47575 1
40639 1
29001 1
56930 1
120064 1
12100 1
2951218 1
13666 1
4507 1
2532 1
1129 1
1094 1
13011 1
32313 1
38397 1
6984441 1
377 1
33847 1
12037 1
356 1
847 1
2458 1
2859 1
68495 1
1104 1
3541 1
1436 1
511821 1
13811713 1
1137888 1
1072 1
79645 1
50993 1
2948346 1
48872 1
3090 1
1061 1
3065 1
7604 1
99705 1
1044 1
7704 1
957060 1
109580 1
11895 1
8082 1
8192 1
6208 1
69082 1
357 1
8192 1
8472 1
122983 1
-122983 -1
3079 1
9165 1
8588 1
18728 1
4314 1
3757 1
28409 1
7788 1
4641 1
16383 1
8706 1
8826 1
34270 1
