4294967296S,0C
0 0
76942 1
2951218 1
32894 1
6984441 1
458148 1
458197 1
458190 1
458183 1
458180 1
776 1
458177 1
359 1
257 1
64043 1
-257 -1
366 1
710 1
370 1
377 1
729 1
370 1
370 1
366 1
436 1
498 1
458276 1
458196 1
458204 1
458201 1
458192 1
458185 1
458186 1
787 1
33555 1
12104 1
8738 1
2458 1
10587 1
2859 1
1784 1
-366 -1
-377 -1
-370 -1
-729 -1
-710 -1
-370 -1
-370 -1
-366 -1
-436 -1
-498 -1
33890 1
511821 1
23003 1
4668 1
589 1
616 1
437758 1
150729 1
79645 1
473 1
681 1
3394 1
680 1
33888 1
-33888 -1
-3394 -1
1427506 1
1479227 1
1477523 1
2669393 1
1503213 1
1557660 1
1547845 1
1503553 1
1507582 1
2948346 1
72870 1
601 1
1886 1
2764 1
2902 1
7604 1
3484 1
86093 1
8592 1
33126 1
86320 1
7034 1
28589 1
498303 1
20061 1
50213996 1
50213998 1
-50213996 -1
413103 1
8461 1
9083 1
-8461 -1
7704 1
299727 1
1311328 1
2721180 1
497969 1
790008 1
435584 1
141705 1
109559 1
128288 1
11895 1
25922 1
27618 1
3100 1
2512 1
28554 1
-2512 -1
8082 1
10668 1
11667 1
8192 1
56189 1
39508 1
6208 1
378 1
76961 1
199264 1
8192 1
1224614 1
171688 1
1231555 1
99589 1
42195 1
122558 1
6868 1
166110 1
76022 1
8067 1
27990 1
8472 1
60082 1
81375 1
76339 1
81413 1
3065 1
3056 1
3040 1
2436 1
9165 1
8588 1
91898 1
-91898 -1
2606 1
5317 1
2702 1
-5317 -1
2644 1
3240 1
5948 1
3205 1
-5948 -1
4314 1
3757 1
7788 1
26094 1
562 1
29202 1
8706 1
2842 1
462206 1
2899 1
463085 1
10512 1
3655 1
-3655 -1
-2899 -1
5247 1
462546 1
3223 1
-3223 -1
534605 1
534548 1
463186 1
534770 1
4189 1
2521 1
-1071674 -3
-538959 -2
2639 1
-2639 -1
2453 1
2458 1
8826 1
