4294967296S
331224849 399
13415 1
13828 1
-13415 -1
14042 1
-13828 -1
1055 1
8472 1
48336 1
2601 1
17029 1
20535 1
-17029 -1
20659 1
-20535 -1
1057 1
1061 1
1063 1
1061 1
1055 1
1063 1
12348 1
95285 1
1053 1
1165 1
1059 1
1057 1
1066 1
1059 1
1054 1
1055 1
12542 1
1051 1
1170 1
1052 1
12925 1
1064 1
1068 1
1056 1
35713 1
76940 1
78279 1
78619 1
-78279 -1
78845 1
-78619 -1
79572 1
-78845 -1
81390 1
-79572 -1
1048 1
12469 1
1057 1
1168 1
1168 1
1055 1
8219 1
1055 1
9165 1
8588 1
27235 1
1065 1
13117 1
1063 1
1055 1
1066 1
1065 1
1166 1
1053 1
159684 1
1183 1
1167 1
3774 1
3217 1
28409 1
13992 1
44837 1
7227 1
7229 1
-7227 -1
1170 1
223308 1
245979 1
140743 1
117051 1
118616 1
117051 1
148925 1
144552 1
103621 1
225435 1
135658 1
180687 1
1171 1
1168 1
1171 1
1163 1
1057 1
1057 1
1170 1
1171 1
1169 1
1160 1
1057 1
12657 1
1057 1
510264 1
1060 1
135123483 50
1048 1
1054 1
1049 1
1062 1
4103 1
1053 1
15845 1
13277 1
8706 1
37895 1
1055 1
1164 1
2465 1
3244 1
-2465 -1
7380 1
1061 1
1065 1
159614 1
1052 1
1058 1
12241 1
1060 1
1184 1
1176 1
6522 1
12304 1
1059 1
12386 1
1055 1
1055 1
1064 1
109297 1
1054 1
1059 1
1061 1
1062 1
1055 1
1061 1
1057 1
1061 1
1173 1
1169 1
1057 1
1165 1
1166 1
1063 1
1022 1
1168 1
10843 1
1061 1
1062 1
8826 1
2086 1
1065 1
34270 1
12773 1
43793 1
12541 1
44128 1
2237 1
2234 1
2234 1
2234 1
2242 1
2240 1
1062 1
110076 1
12620 1
35480 1
5421 1
5407 1
2466 1
1057 1
1052 1
