4294967296S,0C
0 0
77516 1
4968 1
5029 1
5073 1
4457 1
5021 1
4347 1
4317 1
4261 1
4372 1
4353 1
4377 1
3651 1
3639 1
3693 1
4324 1
4335 1
4343 1
4360 1
4259 1
4261 1
3916 1
4359 1
4349 1
4395 1
3624 1
3632 1
3659 1
4029 1
4308 1
4296 1
4364 1
4356 1
4263 1
4329 1
4313 1
4316 1
4334 1
4322 1
3638 1
3787 1
3819 1
3669 1
4167 1
4249 1
4251 1
3625 1
3635 1
4262 1
4372 1
4334 1
3774 1
3756 1
4262 1
4315 1
3650 1
4307 1
3801 1
3634 1
2787 1
3771 1
3647 1
4357 1
4383 1
3633 1
4337 1
3651 1
4394 1
4353 1
3652 1
4381 1
17413 1
3592 1
3570 1
3589 1
3614 1
3613 1
3576 1
3601 1
3594 1
3576 1
3548 1
3588 1
3570 1
3602 1
3588 1
3567 1
4298 1
3603 1
3581 1
3572 1
3575 1
3616 1
3602 1
3583 1
3600 1
3589 1
3580 1
3599 1
3605 1
3580 1
3587 1
3593 1
3611 1
3578 1
3609 1
3617 1
3578 1
3576 1
3601 1
3623 1
3573 1
3566 1
3611 1
3604 1
3601 1
3624 1
3601 1
3558 1
3579 1
3593 1
3584 1
3575 1
3594 1
3599 1
3586 1
4327 1
4337 1
4334 1
5026 1
4924 1
4998 1
5034 1
4700 1
5079 1
4977 1
5088 1
5015 1
4479 1
19316 1
4964 1
4276 1
4957 1
4284 1
4299 1
4293 1
4924 1
4940 1
4982 1
4927 1
4965 1
4985 1
4383 1
5046 1
4968 1
5057 1
4432 1
4339 1
4941 1
4965 1
5042 1
5074 1
4452 1
4955 1
4336 1
5085 1
4979 1
5091 1
5011 1
4484 1
20800 1
4974 1
4333 1
4951 1
4430 1
5054 1
5034 1
5040 1
4945 1
4962 1
5040 1
5078 1
4456 1
5019 1
4836 1
4914 1
4686 1
4990 1
4951 1
4949 1
4327 1
4422 1
5024 1
4920 1
5002 1
4699 1
4229 1
4265 1
4170 1
4126 1
4338 1
4207 1
4307 1
4318 1
4268 1
4329 1
5083 1
4969 1
4172 1
4972 1
4862 1
4960 1
4517 1
4864 1
4970 1
4857 1
4923 1
4980 1
4353 1
4173 1
4972 1
4868 1
4961 1
4965 1
4518 1
4864 1
4923 1
4868 1
4924 1
4980 1
4405 1
4360 1
4422 1
5006 1
4471 1
20785 1
4431 1
5008 1
4480 1
20795 1
4968 1
4330 1
4943 1
5050 1
5032 1
5039 1
4917 1
4294 1
4980 1
4566 1
4959 1
4924 1
4938 1
4983 1
4380 1
4960 1
4280 1
4961 1
4293 1
4951 1
4270 1
4962 1
4298 1
4958 1
4280 1
4293 1
4961 1
4949 1
4964 1
5040 1
5074 1
4454 1
5021 1
4686 1
4822 1
4917 1
4995 1
4950 1
4893 1
4940 1
4329 1
4263 1
4959 1
4839 1
4269 1
4200 1
4864 1
4860 1
4263 1
4252 1
4245 1
4437 1
4442 1
4267 1
5024 1
4920 1
4697 1
4456 1
4994 1
4331 1
4267 1
4333 1
5082 1
4481 1
4974 1
4176 1
4974 1
4867 1
4960 1
4516 1
4964 1
4862 1
4917 1
4855 1
4917 1
4980 1
4403 1
4352 1
4177 1
4977 1
4863 1
4512 1
4955 1
4861 1
4972 1
4923 1
4868 1
4920 1
4969 1
4402 1
4355 1
4172 1
4975 1
4868 1
4957 1
4517 1
4963 1
4859 1
4916 1
4923 1
4866 1
4975 1
4403 1
4353 1
5081 1
4485 1
4969 1
4969 1
5072 1
5089 1
4432 1
5011 1
18642 1
5078 1
4425 1
5006 1
20792 1
4918 1
4289 1
4962 1
4925 1
4936 1
4570 1
4981 1
5006 1
5030 1
4383 1
4951 1
5048 1
4962 1
4335 1
4329 1
4967 1
4200 1
5018 1
4979 1
4686 1
4833 1
4917 1
4989 1
4948 1
4966 1
5042 1
5075 1
4462 1
4890 1
4934 1
4263 1
4968 1
4838 1
4331 1
4264 1
4200 1
4858 1
4865 1
4263 1
4262 1
4255 1
4435 1
4267 1
4442 1
4951 1
4185 1
4952 1
