2147483647C
7411614 1458
5220 1
5244 1
5222 1
5210 1
5234 1
5214 1
5225 1
5225 1
5197 1
5259 1
5215 1
5229 1
5229 1
5210 1
5220 1
5240 1
5239 1
5230 1
5218 1
5230 1
5212 1
5209 1
5223 1
5204 1
5214 1
5214 1
5222 1
5220 1
5225 1
5225 1
5225 1
5195 1
5232 1
5229 1
5235 1
5210 1
5219 1
5207 1
5235 1
5209 1
5215 1
5214 1
5224 1
5228 1
5239 1
5233 1
5224 1
5229 1
5217 1
5209 1
5212 1
5259 1
5218 1
5220 1
5222 1
5260 1
5234 1
5210 1
5204 1
5225 1
5239 1
5229 1
5217 1
5224 1
5228 1
5235 1
5232 1
5224 1
5238 1
5242 1
5235 1
5215 1
5224 1
5214 1
5215 1
5224 1
5245 1
5224 1
5220 1
5214 1
5248 1
5245 1
5190 1
5254 1
5214 1
5252 1
5210 1
5228 1
5214 1
5200 1
5208 1
5234 1
5215 1
5225 1
5220 1
5249 1
5215 1
5215 1
5265 1
5257 1
5225 1
5240 1
5219 1
5229 1
5239 1
5204 1
5220 1
5194 1
5250 1
5200 1
5207 1
5239 1
5225 1
5214 1
5205 1
5220 1
5239 1
5210 1
5219 1
5210 1
5225 1
5249 1
5230 1
5229 1
5215 1
5245 1
5229 1
5209 1
5219 1
5224 1
5214 1
5210 1
5209 1
5244 1
5229 1
5213 1
5239 1
5214 1
5213 1
5203 1
5285 1
5225 1
5225 1
5235 1
5205 1
5234 1
5200 1
5214 1
5209 1
5265 1
5240 1
5215 1
5221 1
5229 1
5200 1
5209 1
5214 1
5234 1
5235 1
5228 1
5222 1
5212 1
5214 1
5199 1
5223 1
5209 1
5204 1
5210 1
5197 1
5224 1
5233 1
5224 1
5244 1
5229 1
4447 1
4442 1
4452 1
4437 1
4472 1
4447 1
4447 1
4497 1
4472 1
4452 1
4432 1
4447 1
4432 1
4457 1
4467 1
4447 1
4437 1
4472 1
4452 1
4437 1
4457 1
4462 1
4437 1
4467 1
4467 1
4437 1
4482 1
4462 1
4447 1
4482 1
4447 1
4457 1
4457 1
4457 1
4467 1
4467 1
4447 1
4472 1
4437 1
4442 1
4447 1
4452 1
4442 1
4457 1
4437 1
4462 1
4452 1
4477 1
4437 1
4467 1
4457 1
4447 1
4442 1
4462 1
4467 1
4422 1
4442 1
4462 1
4467 1
4462 1
4432 1
4452 1
4477 1
4427 1
4447 1
4447 1
4457 1
4472 1
4452 1
4467 1
4432 1
4447 1
4467 1
4467 1
4452 1
4427 1
4457 1
4432 1
4452 1
4452 1
4457 1
4457 1
4467 1
4452 1
4452 1
4447 1
4462 1
4467 1
4452 1
4462 1
4432 1
5149 1
3977 1
